 -0.02198   0.04695   0.01557  
 -0.11359   0.00115   0.12244  
 -0.01435   -0.10573   -0.08366  
 0.15359   -0.04466   -0.09130  
 0.05435   0.00878   -0.07603  
 0.23756   -0.23550   0.14534  
 -0.12122   0.22252   -0.04550  
 -0.16702   -0.16679   0.00031  
 -0.09069   -0.08282   0.04611  
 0.07725   0.26069   0.17588  
 0.14595   0.00878   0.23695  
 0.10779   -0.14389   -0.03023  
 0.07725   0.07748   -0.24397  
 0.16122   0.05458   -0.06076  
 0.07725   -0.02176   -0.04550  
 0.26809   -0.04466   -0.17527  
 0.10015   -0.15916   0.11481  
 0.10779   -0.03702   -0.04550  
 -0.15176   0.23015   -0.13710  
 -0.12885   -0.22786   -0.06840  
 0.05435   -0.00649   0.00031  
 0.03908   0.03931   0.01557  
 -0.15176   -0.05992   -0.12947  
 0.12305   -0.21260   0.02321  
 0.19939   -0.21260   0.00794  
 -0.10595   -0.05992   0.09191  
 -0.10595   0.16145   0.02321  
 0.06198   0.16145   0.12244  
 0.00092   -0.09046   0.01557  
 -0.05252   0.00115   -0.28977  
 -0.02198   -0.17443   -0.03023  
 0.04672   -0.19733   0.01557  
 0.00855   0.09275   0.00031  
 0.19939   0.13855   0.06901  
 0.16885   0.13855   0.08427  
 -0.08305   -0.08282   -0.06840  
 -0.11359   0.00878   0.24458  
 -0.22809   -0.01412   -0.16000  
 -0.08305   -0.06756   -0.04550  
 -0.18229   0.07748   0.01557  
 -0.24336   -0.25076   -0.01496  
 0.05435   -0.15153   -0.00733  
 0.12305   -0.25076   0.15298  
 -0.06779   -0.12863   -0.06076  
 -0.18229   -0.12863   -0.03786  
 -0.22046   -0.09809   0.23695  
 -0.12122   0.21489   0.21405  
 0.29863   0.03931   0.00031  
 0.02382   0.03931   -0.21344  
 0.04672   0.02405   -0.25924  
 -0.05252   0.04695   -0.02260  
 0.10779   -0.15153   0.17588  
 -0.09069   -0.12863   -0.08366  
 0.09252   -0.18969   0.06901  
 -0.03725   -0.02176   0.00031  
 -0.01435   0.05458   0.12244  
 -0.09832   -0.28130   0.18351  
 0.09252   -0.05229   -0.12947  
 -0.15176   0.09275   0.00794  
 -0.08305   0.01641   -0.17527  
 0.01618   0.04695   0.16061  
 -0.01435   -0.03702   -0.33557  
 -0.22046   0.04695   0.14534  
 0.00092   -0.21260   -0.10656  
 -0.01435   0.26832   -0.10656  
 -0.00672   -0.08282   -0.02260  
 0.03145   0.07748   0.06901  
 0.05435   0.02405   0.06901  
 0.04672   -0.36527   0.09191  
 0.09252   0.05458   0.23695  
 0.01618   0.02405   0.13008  
 -0.04489   -0.24313   0.02321  
 -0.08305   0.00878   -0.00733  
 0.06962   -0.06756   -0.02260  
 0.07725   0.29885   -0.19053  
 0.10015   -0.03702   -0.21344  
 -0.22046   0.02405   0.41252  
 0.16122   0.11565   -0.03786  
 0.03145   0.17672   0.11481  
 0.00092   0.03168   -0.15237  
 -0.06015   0.15382   -0.07603  
 0.07725   -0.19733   -0.03786  
 -0.02198   0.06985   0.03847  
 0.06962   -0.12863   0.35908  
 -0.12885   -0.05992   0.15298  
 0.15359   -0.25840   0.03847  
 -0.14412   -0.01412   -0.07603  
 0.00855   0.05458   0.02321  
 0.09252   0.00878   -0.07603  
 0.13832   0.13855   0.11481  
 0.00092   0.08511   -0.06076  
 -0.13649   0.00878   -0.03023  
 0.15359   -0.08282   -0.07603  
 0.05435   0.14618   -0.22107  
 0.06962   -0.02176   0.16061  
 -0.14412   0.03168   0.05374  
 0.07725   0.16145   -0.12183  
 -0.06779   0.00115   0.15298  
 0.06962   -0.05229   -0.37374  
 0.09252   0.10038   -0.03786  
 0.06962   0.09275   -0.04550  
 0.15359   -0.01412   0.06901  
 -0.02962   0.11565   -0.17527  
 0.02382   0.10802   0.12244  
 0.15359   -0.14389   0.03847  
 0.03908   -0.22023   0.04611  
 -0.04489   0.14618   -0.08366  
 0.09252   -0.06756   -0.19053  
 0.00855   -0.28130   -0.07603  
 -0.21282   -0.04466   0.27511  
 0.11542   0.00115   -0.19053  
 0.02382   0.06221   0.09191  
 -0.17466   -0.12863   -0.03023  
 -0.01435   0.03931   -0.00733  
 0.03145   -0.07519   0.00031  
 0.00092   -0.11336   -0.06840  
 0.13069   -0.02939   0.01557  
 -0.12885   -0.14389   -0.20580  
 -0.01435   0.18435   0.06137  
 -0.04489   -0.17443   0.12244  
 -0.01435   -0.02176   -0.15237  
 -0.09832   0.17672   0.19115  
 -0.13649   -0.30420   0.00794  
 0.09252   -0.02939   -0.09130  
 0.15359   -0.05992   0.12244  
 0.04672   -0.07519   0.09191  
 0.15359   -0.02939   -0.19053  
 0.26046   0.05458   -0.08366  
 0.06962   0.08511   -0.16000  
 0.11542   0.04695   -0.12947  
 -0.02962   -0.22786   0.04611  
 0.08489   -0.05229   0.01557  
 -0.03725   -0.13626   -0.29740  
 -0.23573   -0.30420   0.29038  
 -0.10595   -0.20496   0.01557  
 0.11542   0.03931   -0.11420  
 -0.04489   -0.10573   0.05374  
 0.06962   0.09275   -0.12183  
 0.19176   0.05458   0.07664  
 -0.18229   -0.01412   0.03847  
 -0.07542   0.36756   -0.09130  
 0.17649   0.26832   -0.32031  
 -0.13649   0.09275   0.34382  
 -0.09069   -0.01412   0.01557  
 0.02382   -0.19733   0.05374  
 0.16122   -0.17443   -0.09893  
 0.09252   -0.15153   0.01557  
 -0.12885   -0.05229   0.15298  
 0.18412   -0.12099   -0.09893  
 0.13069   0.18435   -0.09130  
 -0.04489   -0.38817   -0.04550  
 0.00855   0.12328   -0.01496  
 0.05435   0.17672   0.05374  
 -0.13649   -0.02176   -0.11420  
 -0.09832   0.00115   0.02321  
 0.12305   0.07748   0.14534  
 0.01618   -0.05992   -0.08366  
 0.06198   -0.08282   0.03084  
 0.24519   0.03931   -0.06840  
 0.37496   0.04695   -0.13710  
 -0.00672   0.18435   0.17588  
 -0.20519   -2.28893   -0.06840  
 -0.08305   0.01641   0.11481  
 0.07725   -0.14389   -0.03023  
 0.14595   -0.10573   0.11481  
 -0.04489   0.03931   0.08427  
 0.09252   -0.05229   0.15298  
 -0.00672   0.23015   0.06901  
 0.11542   -0.00649   -0.12183  
 -0.01435   0.00878   0.04611  
 -0.09832   -0.02939   -0.13710  
 -0.02962   -0.10573   0.12244  
 -0.07542   -0.21260   -0.06076  
 -0.09832   -0.21260   0.05374  
 0.21466   0.13855   0.05374  
 0.17649   0.14618   -0.09893  
 0.00092   0.23779   0.05374  
 0.00855   0.08511   0.06901  
 0.00092   0.07748   0.16824  
 -0.02198   0.11565   0.02321  
 -0.04489   0.03931   -0.14473  
 0.13832   0.07748   0.00794  
 0.22992   -0.22786   -0.04550  
 -0.14412   -0.01412   -0.15237  
 0.03145   0.00115   -0.35847  
 0.10779   0.19962   0.09191  
 0.00092   0.11565   0.03084  
 -0.05252   -0.21260   -0.16763  
 0.13069   -0.22786   0.15298  
 -0.05252   0.19198   0.00794  
 -0.03725   -0.20496   -0.04550  
 0.15359   -0.12863   0.07664  
 -0.12122   0.27595   0.09191  
 -0.02198   -0.14389   -0.12947  
 -0.19756   0.06985   0.07664  
 0.06962   -0.13626   -0.14473  
 0.07725   -0.47977   -0.16763  
 0.02382   0.09275   0.05374  
 0.04672   0.00878   -0.03023  
 0.07725   0.17672   -0.09893  
 0.05435   0.00115   -0.09130  
 0.11542   0.03931   0.04611  
 0.10015   0.12328   0.18351  
 0.02382   0.16145   -0.07603  
 0.17649   -0.05992   -0.21344  
 0.19939   0.19962   0.25221  
 0.07725   -0.24313   0.07664  
 0.19939   -0.07519   0.03084  
 0.10779   -0.20496   -0.00733  
 -0.09832   -0.15916   0.02321  
 -0.03725   -0.10573   0.18351  
 0.01618   0.01641   0.08427  
 -0.17466   0.00115   -0.00733  
 0.21466   -0.12863   -0.03786  
 0.00092   -0.12863   0.09191  
 0.13832   -0.06756   0.03847  
 -0.03725   -0.15916   0.08427  
 0.03145   -0.17443   0.08427  
 0.00092   0.05458   0.08427  
 -0.03725   -0.18969   -0.02260  
 0.06198   -0.12863   -0.07603  
 -0.00672   -0.06756   -0.09130  
 -0.06015   0.04695   -0.04550  
 -0.06779   0.06985   0.08427  
 0.07725   0.13855   -0.08366  
 0.12305   0.15382   -0.00733  
 -0.10595   0.14618   0.13008  
 0.16122   0.13855   0.10718  
 0.16122   0.05458   0.00031  
 -0.02198   -0.10573   -0.02260  
 0.14595   -0.01412   0.29802  
 -0.04489   -0.09046   0.12244  
 -0.09069   0.15382   -0.14473  
 0.27573   -0.18206   -0.11420  
 -0.11359   0.13855   -0.02260  
 0.19939   -0.13626   -0.06840  
 -0.23573   0.03931   0.05374  
 0.00092   0.03931   0.09191  
 0.04672   -0.19733   0.13771  
 0.14595   0.03931   0.16824  
 -0.08305   0.03931   0.00031  
 0.12305   0.11565   0.06137  
 0.08489   -0.06756   -0.04550  
 0.28336   -0.14389   0.19878  
 0.03145   0.05458   -0.04550  
 -0.07542   0.07748   0.08427  
 0.10779   0.00115   0.11481  
 -0.14412   -0.02939   0.01557  
 -0.02198   0.01641   -0.10656  
 0.09252   0.04695   0.09191  
 -0.02962   -0.21260   -0.09130  
 0.01618   -0.18969   0.29038  
 0.09252   0.25305   0.05374  
 -0.14412   0.04695   0.16061  
 0.09252   0.03931   -0.06076  
 0.00855   -0.18206   0.15298  
 -0.15176   -0.07519   -0.01496  
 -0.00672   -0.14389   -0.35084  
 0.03145   0.23015   0.00794  
 0.03908   -0.07519   -0.03786  
 0.06198   -0.09809   -0.17527  
 -0.06779   -0.01412   -0.05313  
 0.02382   -0.35000   -0.04550  
 -0.06015   -0.12863   0.05374  
 -0.02198   -0.16679   -0.06840  
 0.08489   0.24542   -0.22870  
 -0.29679   0.03168   0.15298  
 0.01618   -0.10573   0.02321  
 -0.13649   -0.10573   -0.12183  
 0.04672   0.08511   -0.01496  
 -0.21282   -0.25840   0.26748  
 0.03145   -0.12863   -0.23634  
 0.06962   0.03168   0.00794  
 0.03908   -0.15916   0.07664  
 -0.15176   0.38282   -0.04550  
 -0.17466   0.00878   0.00031  
 0.08489   -0.00649   -0.17527  
 0.12305   0.19962   -0.23634  
 -0.05252   -0.28893   0.06137  
 0.16885   -0.10573   -0.09130  
 -0.03725   0.04695   0.06137  
 0.00855   -0.00649   -0.06076  
 0.09252   0.06221   0.09191  
 0.14595   0.11565   -0.09130  
 -0.06779   0.16908   0.12244  
 -0.12122   0.03931   -0.03786  
 0.23756   -0.13626   -0.15237  
 0.10015   -0.05229   -0.16763  
 0.19939   -0.05229   -0.10656  
 0.05435   0.00878   0.34382  
 0.16122   0.32939   -0.19053  
 0.12305   -0.12099   0.04611  
 0.12305   0.10802   -0.25924  
 -0.04489   0.11565   0.05374  
 0.04672   -0.06756   0.02321  
 -0.02198   0.29885   -0.19053  
 -0.09832   0.28359   -0.19053  
 -0.15939   -0.21260   0.08427  
 0.13069   -0.07519   0.04611  
 -0.09069   0.00878   0.03084  
 0.10779   -0.13626   0.07664  
 -0.02198   0.19198   -0.21344  
 0.06962   0.09275   -0.14473  
 0.04672   0.03168   -0.24397  
 0.06198   -0.25076   0.08427  
 0.11542   -0.15153   -0.03786  
 -0.09069   -0.16679   0.01557  
 0.01618   0.13855   0.08427  
 -0.25099   0.00878   0.13771  
 0.01618   0.00878   0.25221  
 0.22992   -0.18206   -0.12183  
 0.15359   -0.12863   -0.25924  
 -0.01435   -0.11336   0.01557  
 -0.02962   0.11565   -0.08366  
 0.03908   0.02405   0.00031  
 -0.06779   -0.01412   0.04611  
 -0.14412   -0.12863   0.29038  
 0.08489   -0.05229   0.02321  
 0.39023   0.29885   0.09954  
 0.00092   -0.08282   0.12244  
 0.29863   -0.14389   -0.08366  
 0.16885   0.10038   -0.15237  
 0.28336   0.04695   0.03084  
 0.06962   0.12328   0.06901  
 -0.13649   0.16908   -0.02260  
 0.00855   -0.09046   0.12244  
 0.06962   -0.03702   0.02321  
 -0.15939   0.21489   0.05374  
 0.00855   -0.18206   0.03084  
 -0.10595   0.05458   -0.14473  
 0.17649   0.24542   -0.09130  
 0.09252   -0.12863   0.05374  
 -0.06015   -0.25076   0.12244  
 0.02382   -0.11336   0.13771  
 -0.12122   -0.04466   0.00031  
 -0.06015   -0.11336   0.05374  
 -0.05252   0.03168   -0.06076  
 0.16885   -0.32710   -0.07603  
 0.06198   0.18435   0.00031  
 0.08489   -0.01412   -0.06840  
 0.02382   0.29885   0.09954  
 -0.08305   0.03168   -0.06076  
 -0.05252   -0.35000   -0.08366  
 0.03145   -0.05992   -0.03023  
 -0.10595   0.00115   -0.18290  
 -0.12885   -0.01412   -0.02260  
 0.16122   0.06985   -0.10656  
 0.00855   -0.05992   0.02321  
 -0.37313   -0.03702   0.05374  
 -0.08305   -0.12099   0.09954  
 0.10015   -0.22023   0.00794  
 -0.19756   -0.18969   0.22931  
 0.04672   0.00878   -0.00733  
 0.01618   0.09275   0.06137  
 0.17649   0.14618   0.15298  
 -0.08305   -0.02939   -0.00733  
 -0.12122   0.11565   -0.17527  
 0.17649   -0.06756   0.08427  
 0.06198   0.04695   -0.09893  
 0.06198   0.03931   0.06137  
 -0.05252   -0.12099   0.05374  
 -0.05252   0.05458   0.05374  
 0.03145   -0.15916   0.22168  
 0.09252   0.19962   -0.18290  
 -0.06015   0.09275   0.03847  
 0.07725   0.36756   0.07664  
 0.08489   0.04695   0.04611  
 0.16885   -0.15916   0.00031  
 0.02382   -0.00649   -0.12947  
