 -0.34157 0.45441 
  -0.29250 0.42821 
  -0.28604 0.48132 
  -0.29630 0.51995 
  -0.26284 0.22608 
  -0.27854 0.46897 
  -0.27129 0.59901 
  -0.35615 0.57950 
  -0.29627 0.27142 
  -0.31284 0.49316 
  -0.36635 0.60020 
  -0.38921 0.56495 
  -0.49841 0.75635 
  -0.51418 0.59388 
  -0.80683 -1.41079 
  -1.55852 1.02504 
  -5.59433 2.28611 
  -11.53967 5.28903 
  -17.55400 9.03488 
  -22.46587 15.99046 
  -25.35757 19.33444 
  -34.05083 23.23374 
  -39.86190 29.39997 
  -48.71655 33.47964 
  -54.48222 42.53971 
  -57.49742 49.00585 
  -58.91248 51.32008 
  -57.08692 55.18512 
  -55.49414 56.32386 
  -59.57003 60.52873 
  -61.56744 62.34015 
  -63.67955 65.18873 
  -65.19026 64.00848 
  -66.98207 68.79418 
  -70.46201 74.93464 
  -76.89700 75.47537 
  -83.10098 84.25119 
  -86.77185 86.77390 
  -82.04618 88.53219 
  -81.14745 88.77453 
  -80.12204 89.06569 
  -79.27431 88.41879 
  -79.37249 87.98974 
  -80.37130 87.38812 
  -82.49125 89.53098 
  -82.99564 88.62711 
  -83.95492 88.11716 
  -84.73903 88.70469 
  -87.73265 89.40822 
  -89.73721 89.63939 
  -88.92376 89.22887 
  -88.42823 88.80710 
  -86.88516 88.56776 
  -86.94076 89.38144 
  -86.98889 88.36632 
  -87.04996 87.99687 
  -87.09500 88.50635 
  -87.49251 89.46892 
  -88.10019 89.65291 
  -88.43211 89.53190 
  -88.57582 89.43019 
  -88.94799 89.56978 
  -88.91621 89.32287 
  -88.83281 88.19326 
  -89.19335 89.39530 
  -89.36416 89.58453 
  -89.53663 89.55971 
  -89.54744 89.30078 
  -89.44006 89.48794 
  -89.74231 89.85064 
  -89.54201 89.36466 
  -89.58226 89.42753 
  -89.66709 89.60289 
  -89.50406 89.54865 
  -89.47123 89.24083 
  -90.04479 89.62636 
  -90.30835 89.48248 
  -90.20721 89.34662 
  -90.11694 89.58057 
  -90.17059 89.41744 
  -89.85542 89.14836 
  -89.59809 89.23018 
  -89.58101 89.52062 
  -89.58020 89.90127 
  -89.78565 89.88069 
  -90.00255 89.82311 
  -89.96012 89.34069 
  -90.01888 89.40765 
  -89.65393 89.05188 
  -89.34502 89.13496 
  -89.25832 89.70445 
  -89.24265 89.44072 
  -89.14770 89.52385 
  -89.36401 89.60160 
  -89.44120 89.69046 
  -89.41993 89.52018 
  -89.51431 89.79212 
  -89.32956 89.77369 
  -89.42938 89.81375 
  -89.46487 89.85125 
  -89.93360 89.55335 
  -102.62360 88.11311 
  -84.86821 83.34305 
  -39.60397 68.04565 
  -13.54180 32.88308 
  -0.26860 25.11761 
  1.99214 21.40581 
  6.21108 11.35886 
  2.63524 7.13486 
  -0.30485 3.91570 
  -0.17308 1.99107 
  -4.17925 1.88215 
  -6.88445 0.53281 
  -9.36374 0.77934 
  -10.28630 0.46767 
  -10.62907 0.53547 
  -10.42208 0.30218 
  -9.97214 0.37462 
  -9.34230 0.52718 
  -8.57890 0.57720 
  -7.68894 0.70063 
  -6.75304 0.59670 
  -5.85083 0.63414 
  -4.97449 0.61167 
  -4.82790 3.21178 
  -4.04146 0.79237 
  -3.30735 0.62843 
  -2.66603 0.45152 
  -2.06607 0.61079 
  -1.59576 0.60667 
  -1.19762 0.63292 
  -0.86541 0.49078 
  -0.59073 0.58308 
  -0.44856 0.73615 
  -0.28185 0.62973 
  -0.69011 1.93582 
  -0.58698 1.02617 
  -0.47667 0.61266 
  -0.38493 0.64859 
  -0.28139 0.47205 
  -0.23427 0.54741 
  -0.24588 0.57661 
  -0.25926 0.60227 
  -0.23620 0.50687 
  -0.23188 0.40766 
  -0.30286 0.60239 
  -0.32400 0.54469 
  -0.33448 0.40772 
  3.69191 0.83864 
  20.87983 -10.48676 
  35.79030 -18.44562 
  39.90047 -18.06935 
  54.42416 -35.67450 
  62.00280 -39.01087 
  69.53617 -46.90919 
  79.81073 -61.27333 
  86.44364 -68.26228 
  82.70262 -75.07686 
  78.69770 -72.92837 
  75.23691 -82.44203 
  71.12040 -80.24258 
  71.08645 -83.15553 
  64.19538 -87.27555 
  64.75840 -87.57590 
  66.39698 -88.29654 
  70.11599 -89.56733 
  74.06273 -88.93492 
  73.65908 -89.17165 
  77.32312 -89.67911 
  80.33126 -89.79177 
  82.94776 -88.93986 
  85.24382 -89.76230 
  87.40240 -84.37718 
  88.74532 -89.04456 
  90.18772 -88.89632 
  90.60366 -89.62727 
  91.18613 -88.94838 
  91.41417 -89.81353 
  91.26875 -89.12558 
  91.11728 -89.26795 
  91.09971 -89.86991 
  91.01425 -89.72931 
  90.90238 -89.48696 
  90.77864 -89.78586 
  90.61059 -89.71956 
  90.35633 -89.05765 
  90.09692 -89.20850 
  89.86584 -88.94346 
  89.79343 -89.66932 
  89.77094 -89.61464 
  89.72149 -89.82334 
  89.77553 -89.77316 
  89.78848 -89.89677 
  89.75302 -89.71460 
  89.47481 -89.56077 
  89.55974 -88.24585 
  89.62328 -89.25598 
  89.73593 -89.41604 
  89.65907 -89.60195 
  89.60272 -89.68599 
  89.53689 -89.67457 
  89.40098 -89.56573 
  89.40787 -89.80994 
  89.31204 -89.52899 
  89.35471 -89.81844 
  89.39343 -89.65086 
  89.36820 -89.62765 
  89.53875 -89.59389 
  89.50886 -89.39918 
  89.36298 -88.99718 
  89.43684 -89.75119 
  89.35240 -89.57365 
  89.43308 -89.53086 
  89.38886 -89.39711 
  89.34750 -89.44541 
  89.56616 -89.68307 
  89.63728 -89.83286 
  89.60011 -89.50575 
  89.45550 -88.95745 
  89.55703 -88.72087 
  89.65512 -88.54396 
  89.39568 -89.60272 
  91.92413 -88.61158 
  109.64621 -77.33722 
  115.71794 -66.41397 
  84.79854 -58.26749 
  61.49733 -52.78965 
  44.32645 -40.07494 
  27.66320 -36.35070 
  6.57183 -25.07350 
  -28.34774 -30.84978 
  -20.56860 16.87694 
  -17.59698 2.77016 
  -14.46782 0.71619 
  -11.83337 1.16285 
  -8.55755 -2.15523 
  -5.94864 -1.64120 
  -4.05774 0.04177 
  -2.18416 -1.08390 
  -1.15915 0.73323 
  -0.19177 0.29732 
  0.44312 0.66763 
  0.82442 0.62385 
  1.58724 -0.13595 
  1.64531 0.64969 
  1.53443 0.71857 
  1.37598 0.60083 
  1.24930 0.61068 
  1.10393 0.45333 
  0.69468 1.46643 
  0.54067 0.42139 
  0.35952 0.47897 
  0.15886 0.58522 
  -0.02709 0.72475 
  -0.11187 0.56079 
  -0.21496 0.41208 
  -0.28831 0.61031 
  -0.47752 0.70031 
  -0.57392 0.67765 
  -0.69717 0.71431 
  -0.67202 0.60253 
  -0.69829 0.68752 
  -0.71208 0.56068 
  -0.67686 0.60476 
  -0.65358 0.66172 
  -0.68206 0.62017 
  -0.69297 0.58155 
  -0.64118 0.48820 
  -0.49927 0.52679 
  -0.15858 -0.68355 
  -0.57450 0.05495 
  -0.68459 0.61501 
  -0.74683 0.94849 
  -0.63609 0.81850 
  -0.62880 0.73992 
  -0.86422 1.30915 
  -0.81057 0.79266 
  -0.68054 0.29169 
  -0.60018 0.59744 
  -0.60135 0.81662 
  -0.72010 0.81491 
  -0.69868 0.74014 
  -0.59927 0.67969 
  -0.60129 0.61303 
  -0.66253 0.67070 
  -0.84554 0.62016 
  -0.86098 -0.22577 
  -3.52269 1.68387 
  -11.14081 3.55290 
  -23.86288 9.45178 
  -31.60501 16.76769 
  -34.96405 22.82549 
  -41.94145 28.20901 
  -55.38306 36.90543 
  -69.93758 46.03184 
  -78.26863 58.47926 
  -80.37906 66.42716 
  -83.60212 74.25725 
  -83.98054 78.36544 
  -79.94689 83.59537 
  -82.44147 81.26625 
  -77.50935 89.16278 
  -69.06966 86.63562 
  -72.17343 87.47272 
  -74.19595 89.61149 
  -74.62858 88.16889 
  -74.09331 86.73700 
  -73.54111 87.57840 
  -75.26646 89.06413 
  -77.26533 88.39946 
  -79.19600 88.90540 
  -81.01145 89.31805 
  -83.20792 89.78868 
  -86.94518 86.69284 
  -95.49760 86.50979 
  -109.98753 75.59418 
  -67.37142 61.19573 
  -34.52233 45.59484 
  -13.14154 29.14553 
  -0.47054 12.62682 
  7.13371 8.48538 
  14.58837 2.58912 
  10.13979 1.12968 
  6.86399 0.29256 
  3.64804 0.50072 
  1.00943 0.38393 
  -1.00031 1.21044 
  -2.55376 0.53329 
  -3.53929 0.43871 
  -5.45200 0.71991 
  -5.51210 0.84244 
  -5.04863 0.74537 
  -4.62708 0.86767 
  -4.34333 0.70678 
  -4.03134 0.68938 
  -3.66340 0.63055 
  -3.24862 0.64851 
  -2.87316 0.60759 
  -2.47526 0.44233 
  -2.17066 0.80612 
  -1.83801 0.52001 
  -1.61741 0.80545 
  -1.35710 0.60901 
  -1.16553 0.70459 
  -1.06651 0.88711 
  -0.86636 0.51348 
  -0.72832 0.51184 
  -0.64053 0.60182 
  -0.07667 -0.78694 
  0.00133 0.16746 
  -0.11266 0.65540 
  1.27607 -0.97345 
  3.19780 -1.32280 
  4.51956 -1.08431 
  9.71712 -6.64072 
  14.78714 -7.89007 
  17.79295 -10.55154 
  22.33512 -13.37602 
  24.08848 -19.01329 
  26.45317 -21.61979 
  26.30862 -26.31279 
  21.87057 -25.98707 
  2.60326 -19.62846 
  -8.74932 -9.44941 
  -7.27862 -7.15026 
  -7.01906 -1.99157 
  -4.61590 -1.59566 
  -2.58782 -1.06358 
  -0.90813 -1.15680 
